m = [455.903	385620	185516	100052	3192.21	2046.64	136.806	1641.3	
385620	3.50506e+08	1.6399e+08	9.32578e+07	2.59831e+06	1.79585e+06	119937	1.43876e+06	
185516	1.6399e+08	7.89623e+07	4.25139e+07	1.2968e+06	851718	56889	682448	
100052	9.32578e+07	4.25139e+07	2.5372e+07	650757	472066	31524.23 78158	
3192.21	2.59831e+06	1.2968e+06	650757	23483.2	14070	940.8	11287.5
2046.64	1.79585e+06	851718	472066	14070	10318	625.2	7500	
136.806	119937	56889	31524.2	940.8	625.2	55.32	534	
1641.3	1.43876e+06	682448	378158	11287.5	7500	534	7845	];
det(m)
